Numeric representation of state space equations
Total number of state variables (nVars): 6

Equation derivative: z1
  Constant terms (each row format: [coefficient, exp_z1, exp_z2, ..., exp_z6]):
    None
  Linear terms (each row format: [coefficient, exp_z1, exp_z2, ..., exp_z6]):
    -0.074491 1 0 0 0 0 0 
    148.983 0 0 1 0 0 0 
    0.00033561 0 0 0 0 1 0 
    7.1347e-20 0 0 0 0 0 1 
  Nonlinear terms (each row format: [coefficient, exp_z1, exp_z2, ..., exp_z6]):
    1.7299e-12 1 1 0 0 0 0 
    1718.35 1 0 0 1 0 0 
    -1718.35 0 1 1 0 0 0 
    0.0019354 0 1 0 0 1 0 
    -4.9028e-07 0 1 0 0 0 1 
    1.7299e-12 0 0 1 1 0 0 
    4.9028e-07 0 0 0 1 1 0 
    0.0019354 0 0 0 1 0 1 
    12.7975 3 0 0 0 0 0 
    -9460.01 2 0 1 0 0 0 
    -0.10534 2 0 0 0 1 0 
    -4.6905e-05 2 0 0 0 0 1 
    -4.3663 1 2 0 0 0 0 
    12.7975 1 0 2 0 0 0 
    -4.7757e-05 1 0 1 0 1 0 
    -0.02131 1 0 1 0 0 1 
    -4.3663 1 0 0 2 0 0 
    -1.186e-10 1 0 0 0 2 0 
    3.908e-07 1 0 0 0 1 1 
    -6.2766e-11 1 0 0 0 0 2 
    -9178.27 0 2 1 0 0 0 
    -0.0094514 0 2 0 0 1 0 
    5.0233e-07 0 2 0 0 0 1 
    -9460.01 0 0 3 0 0 0 
    -0.084034 0 0 2 0 1 0 
    -9.4663e-05 0 0 2 0 0 1 
    -9178.27 0 0 1 2 0 0 
    -2.8096e-08 0 0 1 0 2 0 
    -5.5836e-11 0 0 1 0 1 1 
    3.6271e-07 0 0 1 0 0 2 
    -0.0094514 0 0 0 2 1 0 
    5.0233e-07 0 0 0 2 0 1 
    1.5177e-13 0 0 0 0 3 0 
    1.1161e-16 0 0 0 0 2 1 
    1.5177e-13 0 0 0 0 1 2 
    1.1161e-16 0 0 0 0 0 3 
  Nonlinear tangent contributions (each cell corresponds to partial derivative with respect to a state variable):
    d/dz1:
      1.7299e-12 0 1 0 0 0 0 
      1718.35 0 0 0 1 0 0 
      38.3925 2 0 0 0 0 0 
      -18920 1 0 1 0 0 0 
      -0.21068 1 0 0 0 1 0 
      -9.381e-05 1 0 0 0 0 1 
      -4.3663 0 2 0 0 0 0 
      12.7975 0 0 2 0 0 0 
      -4.7757e-05 0 0 1 0 1 0 
      -0.02131 0 0 1 0 0 1 
      -4.3663 0 0 0 2 0 0 
      -1.186e-10 0 0 0 0 2 0 
      3.908e-07 0 0 0 0 1 1 
      -6.2766e-11 0 0 0 0 0 2 
    d/dz2:
      1.7299e-12 1 0 0 0 0 0 
      -1718.35 0 0 1 0 0 0 
      0.0019354 0 0 0 0 1 0 
      -4.9028e-07 0 0 0 0 0 1 
      -8.7326 1 1 0 0 0 0 
      -18356.5 0 1 1 0 0 0 
      -0.0189028 0 1 0 0 1 0 
      1.00466e-06 0 1 0 0 0 1 
    d/dz3:
      -1718.35 0 1 0 0 0 0 
      1.7299e-12 0 0 0 1 0 0 
      -9460.01 2 0 0 0 0 0 
      25.595 1 0 1 0 0 0 
      -4.7757e-05 1 0 0 0 1 0 
      -0.02131 1 0 0 0 0 1 
      -9178.27 0 2 0 0 0 0 
      -28380 0 0 2 0 0 0 
      -0.168068 0 0 1 0 1 0 
      -0.000189326 0 0 1 0 0 1 
      -9178.27 0 0 0 2 0 0 
      -2.8096e-08 0 0 0 0 2 0 
      -5.5836e-11 0 0 0 0 1 1 
      3.6271e-07 0 0 0 0 0 2 
    d/dz4:
      1718.35 1 0 0 0 0 0 
      1.7299e-12 0 0 1 0 0 0 
      4.9028e-07 0 0 0 0 1 0 
      0.0019354 0 0 0 0 0 1 
      -8.7326 1 0 0 1 0 0 
      -18356.5 0 0 1 1 0 0 
      -0.0189028 0 0 0 1 1 0 
      1.00466e-06 0 0 0 1 0 1 
    d/dz5:
      0.0019354 0 1 0 0 0 0 
      4.9028e-07 0 0 0 1 0 0 
      -0.10534 2 0 0 0 0 0 
      -4.7757e-05 1 0 1 0 0 0 
      -2.372e-10 1 0 0 0 1 0 
      3.908e-07 1 0 0 0 0 1 
      -0.0094514 0 2 0 0 0 0 
      -0.084034 0 0 2 0 0 0 
      -5.6192e-08 0 0 1 0 1 0 
      -5.5836e-11 0 0 1 0 0 1 
      -0.0094514 0 0 0 2 0 0 
      4.5531e-13 0 0 0 0 2 0 
      2.2322e-16 0 0 0 0 1 1 
      1.5177e-13 0 0 0 0 0 2 
    d/dz6:
      -4.9028e-07 0 1 0 0 0 0 
      0.0019354 0 0 0 1 0 0 
      -4.6905e-05 2 0 0 0 0 0 
      -0.02131 1 0 1 0 0 0 
      3.908e-07 1 0 0 0 1 0 
      -1.25532e-10 1 0 0 0 0 1 
      5.0233e-07 0 2 0 0 0 0 
      -9.4663e-05 0 0 2 0 0 0 
      -5.5836e-11 0 0 1 0 1 0 
      7.2542e-07 0 0 1 0 0 1 
      5.0233e-07 0 0 0 2 0 0 
      1.1161e-16 0 0 0 0 2 0 
      3.0354e-13 0 0 0 0 1 1 
      3.3483e-16 0 0 0 0 0 2 

Equation derivative: z2
  Constant terms (each row format: [coefficient, exp_z1, exp_z2, ..., exp_z6]):
    None
  Linear terms (each row format: [coefficient, exp_z1, exp_z2, ..., exp_z6]):
    -0.074491 0 1 0 0 0 0 
    297.593 0 0 0 1 0 0 
  Nonlinear terms (each row format: [coefficient, exp_z1, exp_z2, ..., exp_z6]):
    -5.2763e-13 2 0 0 0 0 0 
    860.253 1 0 1 0 0 0 
    -0.00096893 1 0 0 0 1 0 
    -2.4384e-07 1 0 0 0 0 1 
    5.2763e-13 0 0 2 0 0 0 
    -2.4384e-07 0 0 1 0 1 0 
    0.00096893 0 0 1 0 0 1 
    2.7465e-13 0 0 0 0 2 0 
    -1.0913e-09 0 0 0 0 1 1 
    -2.7465e-13 0 0 0 0 0 2 
    -0.29806 2 1 0 0 0 0 
    -4594.89 2 0 0 1 0 0 
    0.0012534 1 1 0 0 1 0 
    6.5704e-06 1 1 0 0 0 1 
    -1.2265e-05 1 0 0 1 1 0 
    -0.00044377 1 0 0 1 0 1 
    7.5183 0 3 0 0 0 0 
    -17617.7 0 2 0 1 0 0 
    -0.29806 0 1 2 0 0 0 
    -6.5704e-06 0 1 1 0 1 0 
    0.0012534 0 1 1 0 0 1 
    7.5183 0 1 0 2 0 0 
    7.3693e-12 0 1 0 0 2 0 
    7.3693e-12 0 1 0 0 0 2 
    -4594.89 0 0 2 1 0 0 
    0.00044377 0 0 1 1 1 0 
    -1.2265e-05 0 0 1 1 0 1 
    -17617.7 0 0 0 3 0 0 
    6.9176e-08 0 0 0 1 2 0 
    6.9176e-08 0 0 0 1 0 2 
  Nonlinear tangent contributions (each cell corresponds to partial derivative with respect to a state variable):
    d/dz1:
      -1.05526e-12 1 0 0 0 0 0 
      860.253 0 0 1 0 0 0 
      -0.00096893 0 0 0 0 1 0 
      -2.4384e-07 0 0 0 0 0 1 
      -0.59612 1 1 0 0 0 0 
      -9189.78 1 0 0 1 0 0 
      0.0012534 0 1 0 0 1 0 
      6.5704e-06 0 1 0 0 0 1 
      -1.2265e-05 0 0 0 1 1 0 
      -0.00044377 0 0 0 1 0 1 
    d/dz2:
      -0.29806 2 0 0 0 0 0 
      0.0012534 1 0 0 0 1 0 
      6.5704e-06 1 0 0 0 0 1 
      22.5549 0 2 0 0 0 0 
      -35235.5 0 1 0 1 0 0 
      -0.29806 0 0 2 0 0 0 
      -6.5704e-06 0 0 1 0 1 0 
      0.0012534 0 0 1 0 0 1 
      7.5183 0 0 0 2 0 0 
      7.3693e-12 0 0 0 0 2 0 
      7.3693e-12 0 0 0 0 0 2 
    d/dz3:
      860.253 1 0 0 0 0 0 
      1.05526e-12 0 0 1 0 0 0 
      -2.4384e-07 0 0 0 0 1 0 
      0.00096893 0 0 0 0 0 1 
      -0.59612 0 1 1 0 0 0 
      -6.5704e-06 0 1 0 0 1 0 
      0.0012534 0 1 0 0 0 1 
      -9189.78 0 0 1 1 0 0 
      0.00044377 0 0 0 1 1 0 
      -1.2265e-05 0 0 0 1 0 1 
    d/dz4:
      -4594.89 2 0 0 0 0 0 
      -1.2265e-05 1 0 0 0 1 0 
      -0.00044377 1 0 0 0 0 1 
      -17617.7 0 2 0 0 0 0 
      15.0366 0 1 0 1 0 0 
      -4594.89 0 0 2 0 0 0 
      0.00044377 0 0 1 0 1 0 
      -1.2265e-05 0 0 1 0 0 1 
      -52853.2 0 0 0 2 0 0 
      6.9176e-08 0 0 0 0 2 0 
      6.9176e-08 0 0 0 0 0 2 
    d/dz5:
      -0.00096893 1 0 0 0 0 0 
      -2.4384e-07 0 0 1 0 0 0 
      5.493e-13 0 0 0 0 1 0 
      -1.0913e-09 0 0 0 0 0 1 
      0.0012534 1 1 0 0 0 0 
      -1.2265e-05 1 0 0 1 0 0 
      -6.5704e-06 0 1 1 0 0 0 
      1.47386e-11 0 1 0 0 1 0 
      0.00044377 0 0 1 1 0 0 
      1.38352e-07 0 0 0 1 1 0 
    d/dz6:
      -2.4384e-07 1 0 0 0 0 0 
      0.00096893 0 0 1 0 0 0 
      -1.0913e-09 0 0 0 0 1 0 
      -5.493e-13 0 0 0 0 0 1 
      6.5704e-06 1 1 0 0 0 0 
      -0.00044377 1 0 0 1 0 0 
      0.0012534 0 1 1 0 0 0 
      1.47386e-11 0 1 0 0 0 1 
      -1.2265e-05 0 0 1 1 0 0 
      1.38352e-07 0 0 0 1 0 1 

Equation derivative: z3
  Constant terms (each row format: [coefficient, exp_z1, exp_z2, ..., exp_z6]):
    None
  Linear terms (each row format: [coefficient, exp_z1, exp_z2, ..., exp_z6]):
    -148.983 1 0 0 0 0 0 
    -0.074491 0 0 1 0 0 0 
    -7.1347e-20 0 0 0 0 1 0 
    0.00033561 0 0 0 0 0 1 
  Nonlinear terms (each row format: [coefficient, exp_z1, exp_z2, ..., exp_z6]):
    -1718.35 1 1 0 0 0 0 
    1.7299e-12 1 0 0 1 0 0 
    -1.7299e-12 0 1 1 0 0 0 
    -4.9028e-07 0 1 0 0 1 0 
    -0.0019354 0 1 0 0 0 1 
    -1718.35 0 0 1 1 0 0 
    0.0019354 0 0 0 1 1 0 
    -4.9028e-07 0 0 0 1 0 1 
    9460.01 3 0 0 0 0 0 
    12.7975 2 0 1 0 0 0 
    9.4663e-05 2 0 0 0 1 0 
    -0.084034 2 0 0 0 0 1 
    9178.27 1 2 0 0 0 0 
    9460.01 1 0 2 0 0 0 
    -0.02131 1 0 1 0 1 0 
    4.7757e-05 1 0 1 0 0 1 
    9178.27 1 0 0 2 0 0 
    -3.6271e-07 1 0 0 0 2 0 
    -5.5836e-11 1 0 0 0 1 1 
    2.8096e-08 1 0 0 0 0 2 
    -4.3663 0 2 1 0 0 0 
    -5.0233e-07 0 2 0 0 1 0 
    -0.0094514 0 2 0 0 0 1 
    12.7975 0 0 3 0 0 0 
    4.6905e-05 0 0 2 0 1 0 
    -0.10534 0 0 2 0 0 1 
    -4.3663 0 0 1 2 0 0 
    -6.2766e-11 0 0 1 0 2 0 
    -3.908e-07 0 0 1 0 1 1 
    -1.186e-10 0 0 1 0 0 2 
    -5.0233e-07 0 0 0 2 1 0 
    -0.0094514 0 0 0 2 0 1 
    -1.1161e-16 0 0 0 0 3 0 
    1.5177e-13 0 0 0 0 2 1 
    -1.1161e-16 0 0 0 0 1 2 
    1.5177e-13 0 0 0 0 0 3 
  Nonlinear tangent contributions (each cell corresponds to partial derivative with respect to a state variable):
    d/dz1:
      -1718.35 0 1 0 0 0 0 
      1.7299e-12 0 0 0 1 0 0 
      28380 2 0 0 0 0 0 
      25.595 1 0 1 0 0 0 
      0.000189326 1 0 0 0 1 0 
      -0.168068 1 0 0 0 0 1 
      9178.27 0 2 0 0 0 0 
      9460.01 0 0 2 0 0 0 
      -0.02131 0 0 1 0 1 0 
      4.7757e-05 0 0 1 0 0 1 
      9178.27 0 0 0 2 0 0 
      -3.6271e-07 0 0 0 0 2 0 
      -5.5836e-11 0 0 0 0 1 1 
      2.8096e-08 0 0 0 0 0 2 
    d/dz2:
      -1718.35 1 0 0 0 0 0 
      -1.7299e-12 0 0 1 0 0 0 
      -4.9028e-07 0 0 0 0 1 0 
      -0.0019354 0 0 0 0 0 1 
      18356.5 1 1 0 0 0 0 
      -8.7326 0 1 1 0 0 0 
      -1.00466e-06 0 1 0 0 1 0 
      -0.0189028 0 1 0 0 0 1 
    d/dz3:
      -1.7299e-12 0 1 0 0 0 0 
      -1718.35 0 0 0 1 0 0 
      12.7975 2 0 0 0 0 0 
      18920 1 0 1 0 0 0 
      -0.02131 1 0 0 0 1 0 
      4.7757e-05 1 0 0 0 0 1 
      -4.3663 0 2 0 0 0 0 
      38.3925 0 0 2 0 0 0 
      9.381e-05 0 0 1 0 1 0 
      -0.21068 0 0 1 0 0 1 
      -4.3663 0 0 0 2 0 0 
      -6.2766e-11 0 0 0 0 2 0 
      -3.908e-07 0 0 0 0 1 1 
      -1.186e-10 0 0 0 0 0 2 
    d/dz4:
      1.7299e-12 1 0 0 0 0 0 
      -1718.35 0 0 1 0 0 0 
      0.0019354 0 0 0 0 1 0 
      -4.9028e-07 0 0 0 0 0 1 
      18356.5 1 0 0 1 0 0 
      -8.7326 0 0 1 1 0 0 
      -1.00466e-06 0 0 0 1 1 0 
      -0.0189028 0 0 0 1 0 1 
    d/dz5:
      -4.9028e-07 0 1 0 0 0 0 
      0.0019354 0 0 0 1 0 0 
      9.4663e-05 2 0 0 0 0 0 
      -0.02131 1 0 1 0 0 0 
      -7.2542e-07 1 0 0 0 1 0 
      -5.5836e-11 1 0 0 0 0 1 
      -5.0233e-07 0 2 0 0 0 0 
      4.6905e-05 0 0 2 0 0 0 
      -1.25532e-10 0 0 1 0 1 0 
      -3.908e-07 0 0 1 0 0 1 
      -5.0233e-07 0 0 0 2 0 0 
      -3.3483e-16 0 0 0 0 2 0 
      3.0354e-13 0 0 0 0 1 1 
      -1.1161e-16 0 0 0 0 0 2 
    d/dz6:
      -0.0019354 0 1 0 0 0 0 
      -4.9028e-07 0 0 0 1 0 0 
      -0.084034 2 0 0 0 0 0 
      4.7757e-05 1 0 1 0 0 0 
      -5.5836e-11 1 0 0 0 1 0 
      5.6192e-08 1 0 0 0 0 1 
      -0.0094514 0 2 0 0 0 0 
      -0.10534 0 0 2 0 0 0 
      -3.908e-07 0 0 1 0 1 0 
      -2.372e-10 0 0 1 0 0 1 
      -0.0094514 0 0 0 2 0 0 
      1.5177e-13 0 0 0 0 2 0 
      -2.2322e-16 0 0 0 0 1 1 
      4.5531e-13 0 0 0 0 0 2 

Equation derivative: z4
  Constant terms (each row format: [coefficient, exp_z1, exp_z2, ..., exp_z6]):
    None
  Linear terms (each row format: [coefficient, exp_z1, exp_z2, ..., exp_z6]):
    -297.593 0 1 0 0 0 0 
    -0.074491 0 0 0 1 0 0 
  Nonlinear terms (each row format: [coefficient, exp_z1, exp_z2, ..., exp_z6]):
    -430.127 2 0 0 0 0 0 
    -1.0553e-12 1 0 1 0 0 0 
    2.4384e-07 1 0 0 0 1 0 
    -0.00096893 1 0 0 0 0 1 
    430.127 0 0 2 0 0 0 
    -0.00096893 0 0 1 0 1 0 
    -2.4384e-07 0 0 1 0 0 1 
    5.4567e-10 0 0 0 0 2 0 
    5.4929e-13 0 0 0 0 1 1 
    -5.4567e-10 0 0 0 0 0 2 
    4594.89 2 1 0 0 0 0 
    -0.29806 2 0 0 1 0 0 
    1.2265e-05 1 1 0 0 1 0 
    0.00044377 1 1 0 0 0 1 
    0.0012534 1 0 0 1 1 0 
    6.5704e-06 1 0 0 1 0 1 
    17617.7 0 3 0 0 0 0 
    7.5183 0 2 0 1 0 0 
    4594.89 0 1 2 0 0 0 
    -0.00044377 0 1 1 0 1 0 
    1.2265e-05 0 1 1 0 0 1 
    17617.7 0 1 0 2 0 0 
    -6.9176e-08 0 1 0 0 2 0 
    -6.9176e-08 0 1 0 0 0 2 
    -0.29806 0 0 2 1 0 0 
    -6.5704e-06 0 0 1 1 1 0 
    0.0012534 0 0 1 1 0 1 
    7.5183 0 0 0 3 0 0 
    7.3693e-12 0 0 0 1 2 0 
    7.3693e-12 0 0 0 1 0 2 
  Nonlinear tangent contributions (each cell corresponds to partial derivative with respect to a state variable):
    d/dz1:
      -860.253 1 0 0 0 0 0 
      -1.0553e-12 0 0 1 0 0 0 
      2.4384e-07 0 0 0 0 1 0 
      -0.00096893 0 0 0 0 0 1 
      9189.78 1 1 0 0 0 0 
      -0.59612 1 0 0 1 0 0 
      1.2265e-05 0 1 0 0 1 0 
      0.00044377 0 1 0 0 0 1 
      0.0012534 0 0 0 1 1 0 
      6.5704e-06 0 0 0 1 0 1 
    d/dz2:
      4594.89 2 0 0 0 0 0 
      1.2265e-05 1 0 0 0 1 0 
      0.00044377 1 0 0 0 0 1 
      52853.2 0 2 0 0 0 0 
      15.0366 0 1 0 1 0 0 
      4594.89 0 0 2 0 0 0 
      -0.00044377 0 0 1 0 1 0 
      1.2265e-05 0 0 1 0 0 1 
      17617.7 0 0 0 2 0 0 
      -6.9176e-08 0 0 0 0 2 0 
      -6.9176e-08 0 0 0 0 0 2 
    d/dz3:
      -1.0553e-12 1 0 0 0 0 0 
      860.253 0 0 1 0 0 0 
      -0.00096893 0 0 0 0 1 0 
      -2.4384e-07 0 0 0 0 0 1 
      9189.78 0 1 1 0 0 0 
      -0.00044377 0 1 0 0 1 0 
      1.2265e-05 0 1 0 0 0 1 
      -0.59612 0 0 1 1 0 0 
      -6.5704e-06 0 0 0 1 1 0 
      0.0012534 0 0 0 1 0 1 
    d/dz4:
      -0.29806 2 0 0 0 0 0 
      0.0012534 1 0 0 0 1 0 
      6.5704e-06 1 0 0 0 0 1 
      7.5183 0 2 0 0 0 0 
      35235.5 0 1 0 1 0 0 
      -0.29806 0 0 2 0 0 0 
      -6.5704e-06 0 0 1 0 1 0 
      0.0012534 0 0 1 0 0 1 
      22.5549 0 0 0 2 0 0 
      7.3693e-12 0 0 0 0 2 0 
      7.3693e-12 0 0 0 0 0 2 
    d/dz5:
      2.4384e-07 1 0 0 0 0 0 
      -0.00096893 0 0 1 0 0 0 
      1.09134e-09 0 0 0 0 1 0 
      5.4929e-13 0 0 0 0 0 1 
      1.2265e-05 1 1 0 0 0 0 
      0.0012534 1 0 0 1 0 0 
      -0.00044377 0 1 1 0 0 0 
      -1.38352e-07 0 1 0 0 1 0 
      -6.5704e-06 0 0 1 1 0 0 
      1.47386e-11 0 0 0 1 1 0 
    d/dz6:
      -0.00096893 1 0 0 0 0 0 
      -2.4384e-07 0 0 1 0 0 0 
      5.4929e-13 0 0 0 0 1 0 
      -1.09134e-09 0 0 0 0 0 1 
      0.00044377 1 1 0 0 0 0 
      6.5704e-06 1 0 0 1 0 0 
      1.2265e-05 0 1 1 0 0 0 
      -1.38352e-07 0 1 0 0 0 1 
      0.0012534 0 0 1 1 0 0 
      1.47386e-11 0 0 0 1 0 1 

